Técnico;1.01;CEP;1.02;1.03;2.01;2.02;2.03;2.04;2.05;2.06;2.07;2.08;3.01;3.02;4.01;4.021;4.022;4.03;4.04;4.05
T199;2300101;08430-026;6;65;2;4;2;-;4;7;1;1;12;2;2;3;1967;2;1;3
T095;2900207;04854-280;6;51;1;4;2;-;9;5;3;-;6;2;1;1;1988;2;2;2
T147;2900108;04470-315;1;15;1;4;2;-;7;6;2;-;12;2;1;12;1984;1;2;1
T027;2600054;08161-005;6;64;5;2;2;-;7;1;2;-;4;1;2;6;1974;3;1;2
T177;2900306;04847-005;5;13;1;4;1;4;6;6;2;-;1;2;1;2;1980;1;2;2
T149;2300150;08081-383;1;64;2;1;1;2;8;3;1;1;2;2;2;11;1979;2;1;1
T020;2300200;08081-385;6;13;6;0;1;5;10;5;1;2;4;2;1;9;1968;3;1;3
T020;2400109;08021-457;5;52;2;2;2;-;8;5;3;-;2;2;2;10;1982;5;1;3
T117;2200053;04429-005;6;15;5;4;1;4;6;3;3;-;1;2;1;5;1980;1;1;2
T111;2300309;04854-270;1;12;5;1;2;-;1;6;2;-;2;2;1;6;1983;1;2;2
T041;2900355;04845-205;6;13;3;1;1;5;10;5;1;1;12;1;1;10;1993;1;1;3
T092;2600104;04854-260;6;14;1;0;2;-;1;6;3;-;1;1;1;9;1965;3;2;3
T011;2400307;02812-275;6;62;6;2;1;1;9;1;2;-;6;1;2;6;1999;2;2;1
T130;2100105;04866-190;6;64;3;3;2;-;4;7;1;2;4;1;2;11;1955;5;2;3
T023;2600203;04866-200;6;53;3;0;2;-;5;2;3;-;4;2;2;3;1954;3;2;3
T188;2600302;02365-016;1;63;1;2;2;-;4;5;1;3;2;1;1;1;1950;4;1;3
T097;2200103;02282-055;6;12;4;3;2;-;4;1;1;3;3;1;1;11;1951;1;1;1
T187;2500205;02993-005;6;65;4;1;2;-;5;1;2;-;12;2;2;6;1954;3;2;2
T064;2900603;04429-003;1;15;5;0;1;2;7;3;2;-;6;2;1;2;1984;1;2;3
T044;2300408;05796-165;1;11;2;0;2;-;5;4;1;2;6;2;1;4;1977;3;1;1
T042;2500304;04843-555;6;12;3;2;1;3;5;5;1;2;12;1;1;4;1983;5;2;1
T003;2500403;08430-880;5;62;3;4;2;-;1;6;3;-;4;1;1;5;1962;4;1;2
T080;2500502;08430-875;5;64;2;2;1;6;3;2;3;-;12;2;2;4;1960;2;2;3
T175;2600609;08430-873;6;12;6;3;2;-;10;1;2;-;10;1;1;12;1974;3;2;2
T131;2200251;08430-870;5;11;6;0;1;1;3;1;3;-;4;2;1;4;1968;4;2;3
T105;2900702;08430-863;6;12;5;4;1;4;7;4;2;-;4;2;2;8;1980;2;2;2
T011;2500536;08430-855;6;62;6;1;1;4;3;3;2;-;2;1;1;3;1996;2;2;1
T060;2900801;08430-853;5;65;4;4;1;5;1;1;1;2;3;2;1;12;1989;3;1;2
T159;2100204;08430-850;6;52;2;2;1;3;8;6;3;-;2;2;1;11;1999;1;1;3
T173;2300507;03906-150;1;14;1;4;1;5;2;2;3;-;4;2;1;9;1958;5;2;2
T115;2100303;03906-140;1;53;3;2;2;-;3;7;3;-;1;2;1;1;1992;1;1;2
T082;2200277;03906-130;5;63;3;2;2;-;3;2;1;1;6;1;1;8;1955;2;1;3
T130;2400505;03906-120;5;14;5;4;2;-;5;1;1;3;10;2;1;5;1984;2;1;3
T138;2500577;08430-885;1;64;2;1;2;-;5;7;2;-;1;2;2;12;1986;2;2;3
T088;2500601;02866-165;1;12;2;0;1;3;3;3;1;3;1;1;2;4;1960;4;2;3
T137;2600708;04894-270;1;11;2;3;1;2;3;4;1;1;10;1;1;6;1956;4;2;3
T114;2900900;04894-280;6;53;2;2;1;2;10;6;3;-;10;1;1;7;1981;1;1;1
T181;2400604;04894-290;1;61;6;3;2;-;5;1;3;-;6;1;1;6;1997;5;1;3
T130;2100402;04894-300;6;52;1;4;2;-;10;6;3;-;2;1;1;9;1951;3;1;3
T179;2300606;04894-310;5;53;1;0;2;-;5;7;1;3;6;2;1;7;1978;4;1;1
T142;2600807;03906-110;5;63;4;4;1;1;8;7;3;-;1;1;2;10;1969;2;2;3
T156;2100436;04894-330;5;12;4;1;2;-;1;3;1;1;12;2;1;4;1951;3;2;2
T150;2100477;03906-100;5;63;2;0;2;-;4;3;2;-;2;1;2;7;1951;4;2;3
T029;2400703;05792-065;5;12;1;3;1;2;4;1;3;-;1;1;1;10;1950;3;2;1
T089;2200301;05269-065;1;51;6;1;1;5;3;5;1;2;12;2;1;1;1952;4;2;1
T027;2100501;03924-105;5;15;1;3;1;3;7;5;2;-;6;2;1;2;1974;1;2;1
T047;2300705;02982-195;5;53;5;1;1;1;10;3;3;-;2;2;1;2;1996;3;2;2
T125;2200400;03812-035;6;65;5;1;1;1;3;4;1;2;2;2;1;4;1954;2;2;2
T130;2200459;08430-890;5;12;4;3;1;6;9;2;3;-;12;2;2;4;1981;2;1;3
T128;2100550;04894-320;6;53;2;4;2;-;5;6;1;1;2;2;1;9;1958;2;1;2
T170;2600906;04893-170;1;63;1;0;2;-;7;1;3;-;4;1;2;12;1971;4;2;2
T186;2100600;04847-220;6;12;6;2;1;3;7;4;1;3;12;2;2;4;1997;4;1;1
T044;2200509;04856-070;6;65;6;1;2;-;4;6;1;2;2;1;1;8;1992;5;2;2
T137;2901007;08090-650;5;11;6;3;1;5;1;2;3;-;12;1;2;3;1962;5;1;2
T032;2300754;04898-100;1;13;6;1;2;-;3;4;1;2;2;1;2;8;1992;4;2;3
T120;2800100;04898-110;5;51;2;4;2;-;8;6;2;-;6;1;2;4;1984;5;2;1
T099;2500734;04898-120;6;53;6;1;1;4;7;3;1;2;1;1;2;6;1979;5;1;2
T061;2901106;04898-130;1;64;6;2;2;-;5;2;1;3;1;2;1;7;1984;1;2;1
T048;2901155;04898-140;5;63;1;3;1;4;1;7;3;-;4;1;1;1;1967;5;2;1
T075;2700201;03982-065;5;12;5;3;2;-;6;3;3;-;4;1;2;12;1978;1;2;2
T080;2901205;03129-055;1;63;6;3;2;-;2;6;2;-;4;1;1;7;1992;3;1;1
T134;2100709;04893-110;6;12;1;3;1;1;4;2;3;-;12;2;1;10;1977;5;2;1
T057;2100808;04893-190;1;65;4;3;2;-;6;4;1;3;1;1;1;7;1959;1;1;2
T013;2901304;04893-140;5;53;4;2;1;5;2;6;1;1;12;1;2;11;1978;1;1;2
T028;2901353;08430-883;6;13;4;3;1;4;3;2;2;-;4;1;2;11;1955;1;2;2
T134;2601003;04865-200;6;53;2;4;1;5;7;1;1;1;1;1;1;3;1987;1;1;3
T065;2901403;02813-015;6;11;1;1;2;-;1;4;1;3;2;2;1;9;1959;3;2;2
T082;2200608;02311-060;5;62;2;1;1;6;9;5;1;2;10;1;2;1;1984;1;1;1
T071;2400802;02997-005;1;12;6;4;2;-;8;7;1;3;10;2;1;4;1966;2;1;1
T155;2901502;08460-590;1;15;1;4;1;5;7;3;1;2;6;2;1;10;1985;2;2;2
T194;2901601;03557-025;1;63;4;2;2;-;6;4;1;3;6;2;2;9;1950;5;2;3
T174;2300804;04893-150;1;64;1;4;2;-;6;7;2;-;1;2;2;4;1952;4;1;3
T083;2200806;04866-220;1;12;2;3;1;4;2;1;2;-;3;2;1;5;1970;3;1;2
T026;2901700;04893-160;1;51;1;0;1;4;7;4;3;-;6;2;2;3;1978;3;2;3
T083;2901809;03728-205;1;12;4;4;1;5;2;6;3;-;3;1;2;10;1988;5;2;1
T157;2400901;04922-100;6;14;4;4;1;5;1;3;2;-;10;2;1;11;1964;5;1;1
T032;2200707;03637-035;5;15;2;0;1;5;7;3;1;2;10;2;2;4;1960;4;2;1
T183;2500775;08070-165;5;64;6;4;2;-;7;6;2;-;10;1;1;5;1957;2;1;3
T161;2100832;04893-130;1;61;3;2;2;-;5;5;1;1;6;1;2;11;1955;1;2;2
T012;2401008;04845-085;1;51;2;4;2;-;6;3;2;-;10;1;2;8;1970;1;2;1
T197;2901908;04866-210;5;63;1;3;2;-;9;3;2;-;3;2;1;6;1999;1;2;1
T057;2901957;04852-740;6;14;2;0;2;-;3;5;3;-;2;2;1;2;1975;3;2;2
T116;2300903;02635-174;5;14;4;3;2;-;2;5;3;-;4;2;1;10;1970;3;1;3
T102;2800209;08080-363;1;61;2;4;1;3;1;4;2;-;10;2;1;10;1985;1;2;2
T033;2301000;03637-110;6;51;2;0;1;4;5;4;1;3;12;1;1;3;1982;4;1;3
T150;2800308;04855-570;5;11;4;1;2;-;3;6;2;-;1;1;2;6;1989;2;2;3
T161;2301109;04855-550;1;61;2;2;1;5;5;6;1;1;1;2;1;8;1958;5;1;1
T086;2902005;04855-540;1;64;5;3;1;4;6;3;3;-;10;1;1;4;2000;3;1;3
T004;2902104;04855-535;1;63;6;0;1;1;6;2;3;-;3;2;1;3;1950;2;1;2
T111;2301208;02837-185;1;11;2;0;2;-;2;3;1;3;1;1;1;10;1966;1;1;1
T119;2100873;04777-030;5;14;1;4;2;-;1;3;3;-;4;1;1;5;1988;4;1;1
T171;2100907;08295-003;1;51;4;1;2;-;3;3;1;2;2;1;2;11;1988;4;2;1
T060;2902203;04843-445;6;51;1;1;1;5;3;1;2;-;12;2;2;1;1989;4;2;3
T004;2100956;04843-435;6;61;2;2;2;-;8;2;3;-;6;2;2;12;1984;2;1;1
T030;2700300;04843-425;5;12;4;0;2;-;4;7;2;-;12;2;1;1;1976;1;2;2
T148;2500908;04856-690;1;64;6;4;1;6;9;5;1;2;6;1;2;6;1991;2;2;2
T175;2301257;04852-026;5;64;6;1;2;-;9;3;3;-;12;2;2;2;1974;3;1;2
T186;2101004;04847-200;6;11;1;0;2;-;5;3;3;-;10;1;2;10;1954;5;2;2
T152;2301307;02635-172;6;64;1;2;2;-;3;6;1;1;3;2;2;2;1953;1;2;3
T102;2601102;05749-345;5;65;5;2;1;5;2;7;3;-;3;2;2;9;1951;5;1;2
T183;2501005;02075-033;1;63;3;0;2;-;9;1;1;2;10;2;1;8;1978;2;1;3
T067;2902252;04852-036;6;64;6;4;2;-;2;7;1;1;6;2;1;9;1958;1;2;1
T084;2301406;04852-760;6;62;3;3;2;-;1;7;2;-;2;1;2;7;1990;1;2;1
T072;2902302;04852-034;5;63;2;3;2;-;10;2;3;-;6;2;1;12;1979;1;1;2
T005;2800407;04852-750;5;52;3;2;2;-;1;5;2;-;10;1;1;8;1983;2;1;3
T165;2500809;05428-075;1;64;2;3;1;5;2;6;2;-;4;1;2;8;1956;2;2;3
T174;2902054;04853-200;5;64;2;1;2;-;4;5;2;-;12;2;1;3;1982;5;2;2
T111;2601052;04852-710;1;14;3;2;2;-;10;1;2;-;12;2;2;11;1992;3;1;1
T141;2601201;04852-720;1;63;2;4;1;6;10;2;1;2;2;2;1;6;1959;1;1;3
T041;2501104;04852-730;6;53;1;3;1;2;3;4;3;-;6;2;2;12;1966;1;1;3
T119;2401107;04856-700;5;14;1;0;1;6;2;7;1;2;1;1;2;10;1954;4;2;3
T191;2800506;04852-035;5;13;1;0;1;6;5;1;2;-;4;1;1;4;1978;4;1;3
T192;2501153;04194-450;6;13;2;1;2;-;1;3;1;1;1;1;2;9;1964;3;1;1
T059;2501203;04893-120;6;65;1;4;1;6;2;6;1;3;6;1;2;5;1970;3;1;2
T046;2301505;03517-035;6;12;1;3;2;-;3;4;3;-;2;2;2;4;1978;1;1;2
T082;2200905;04823-355;6;64;2;4;1;6;7;5;1;1;3;2;1;3;2000;1;1;1
T192;2501302;05813-095;1;11;6;3;1;4;6;7;2;-;6;1;2;11;1993;1;2;2
T137;2201002;08450-255;5;14;4;1;1;2;6;6;1;2;3;2;2;7;1973;2;2;3
T111;2401206;02271-045;1;51;4;3;1;4;9;3;1;1;2;1;2;8;1983;5;2;1
T131;2301604;03926-015;5;15;2;1;1;2;5;6;1;2;10;1;2;11;1973;2;1;2
T137;2501351;05634-025;1;15;4;0;2;-;1;2;1;1;3;1;1;9;1990;2;2;2
T042;2201051;03337-055;5;64;5;0;2;-;10;6;3;-;6;2;2;2;1955;4;2;3
T098;2700409;03333-005;6;61;4;4;2;-;2;6;1;1;4;1;2;7;1965;3;1;2
T199;2401305;04194-500;6;13;3;0;1;4;1;3;3;-;4;1;1;2;1974;1;2;3
T051;2902401;04194-490;5;62;1;4;2;-;5;1;2;-;10;1;2;2;1995;2;2;1
T083;2301703;04194-480;1;62;6;0;2;-;5;7;1;3;4;2;2;2;1992;2;1;1
T147;2201101;04856-680;5;15;2;2;2;-;2;5;3;-;4;2;1;6;1988;4;2;2
T039;2101103;04194-360;5;64;1;4;1;3;4;7;3;-;2;2;1;12;1962;2;1;1
T029;2100055;04856-710;1;53;3;1;2;-;3;5;3;-;4;1;2;2;1955;3;2;1
T040;2400208;04856-630;6;51;2;2;2;-;3;7;2;-;4;2;2;11;1974;4;1;1
T125;2101202;04856-720;1;65;6;2;1;2;10;1;3;-;4;2;1;1;1985;2;2;1
T144;2101251;04856-670;6;52;3;1;2;-;5;5;2;-;12;2;2;1;1984;2;2;1
T061;2101301;04856-650;6;53;5;3;2;-;8;1;2;-;1;2;1;6;1968;1;1;2
T018;2101350;04194-470;1;61;5;1;1;4;6;1;1;1;1;2;1;11;1991;2;1;3
T145;2902500;04856-620;5;15;1;1;2;-;3;1;3;-;10;1;2;12;1980;2;1;3
T043;2902609;04194-460;5;65;3;0;2;-;2;3;1;3;1;2;1;5;1990;1;2;2
T109;2201150;04194-400;6;14;1;1;1;1;8;7;2;-;10;1;1;11;1990;3;2;1
T040;2301802;04194-410;6;63;6;0;1;3;1;5;2;-;4;2;1;10;1984;4;1;1
T027;2101400;04194-420;1;61;1;2;1;1;1;4;1;3;4;1;2;8;1993;3;2;3
T131;2301851;04194-430;5;11;6;0;2;-;10;3;3;-;1;2;2;9;1977;5;2;3
T122;2501500;04194-440;6;64;1;3;1;1;2;2;1;3;1;2;1;11;1978;3;2;2
T117;2902658;02635-175;6;52;1;2;1;1;10;2;1;3;3;1;1;5;1962;1;2;2
T140;2501534;04856-640;6;51;6;0;2;-;5;1;1;2;6;2;1;9;1997;4;1;3
T127;2401453;02807-130;6;64;4;1;2;-;7;1;3;-;12;1;2;9;2000;3;2;3
T147;2301901;02635-173;6;11;5;3;1;6;9;4;2;-;3;2;1;1;1962;3;2;1
T141;2401503;08180-660;6;53;4;1;2;-;1;2;2;-;12;1;1;6;1956;1;2;2
T080;2902708;08180-670;5;13;1;0;2;-;5;5;3;-;10;2;1;5;1966;2;1;2
T193;2201176;08180-680;6;14;2;0;2;-;10;5;1;3;1;2;1;7;1968;4;1;2
T141;2902807;08180-690;5;13;1;2;1;4;2;5;3;-;1;2;2;3;1981;1;2;2
T049;2601300;08180-700;6;61;2;0;2;-;7;6;3;-;1;2;1;9;1953;1;1;3
T098;2501609;08180-710;5;63;4;2;1;2;6;4;3;-;6;2;2;9;1971;5;1;2
T039;2501575;08180-720;1;11;5;4;1;5;4;6;3;-;4;2;1;10;1997;4;1;1
T159;2700508;08180-730;6;53;3;4;2;-;10;3;1;1;10;2;2;9;1964;5;2;3
T052;2700607;08180-740;5;11;1;4;2;-;8;1;1;1;2;1;2;12;1997;1;2;1
T082;2501708;08180-750;5;12;1;0;1;2;3;4;1;2;2;1;2;10;1953;4;2;1
T050;2902906;08180-760;6;11;4;4;1;5;5;1;2;-;2;1;2;9;1951;1;1;1
T076;2101608;08180-770;6;65;4;2;1;4;3;4;2;-;6;2;1;5;1994;3;2;3
T080;2903003;08180-640;6;52;4;1;1;2;10;5;3;-;10;2;2;9;1973;3;1;3
T106;2903102;05307-171;1;51;6;0;1;2;10;3;2;-;10;2;2;8;1997;2;2;1
T097;2800605;08430-860;5;12;3;3;2;-;9;1;2;-;10;1;2;10;1969;4;1;2
T165;2201200;04847-230;5;15;1;1;2;-;8;5;3;-;4;1;2;3;1969;1;1;2
T169;2301950;04852-410;1;15;5;1;2;-;7;6;2;-;12;1;2;8;1963;4;2;3
T020;2903201;05307-179;1;64;1;0;2;-;5;4;2;-;12;1;1;11;1956;1;2;3
T139;2201309;05307-177;1;14;1;2;1;4;3;3;2;-;3;2;1;5;1985;2;2;1
T023;2101707;08180-780;1;65;1;2;2;-;3;2;3;-;2;1;1;11;1993;1;2;3
T057;2601409;05307-173;6;61;4;1;1;1;9;2;1;3;6;2;1;10;1999;2;1;2
T117;2903235;08180-790;5;14;1;1;1;5;6;1;1;2;4;2;2;3;1957;4;1;3
T171;2201408;04836-412;1;63;2;3;2;-;3;4;1;3;1;1;2;7;1969;5;2;2
T010;2903276;04836-411;1;11;6;0;1;4;5;3;1;2;4;1;2;1;1999;2;1;1
T177;2302008;02031-205;6;53;5;2;2;-;9;1;1;2;12;2;2;1;1983;1;2;3
T189;2302057;02952-165;6;61;2;4;1;6;1;4;3;-;10;1;2;2;1962;2;2;1
T133;2101509;04895-275;5;15;5;1;2;-;7;4;1;1;6;2;1;3;1969;1;2;1
T054;2700706;08180-630;5;11;4;1;1;5;3;1;3;-;6;2;1;10;1989;5;2;2
T055;2201507;05307-175;6;15;4;2;1;5;7;7;1;3;1;1;2;6;1991;4;2;3
T132;2302107;04859-355;5;62;3;2;2;-;9;5;1;2;12;2;1;11;1953;4;1;1
T160;2501807;02635-176;1;14;4;1;2;-;10;6;1;3;3;2;1;2;1957;1;2;2
T018;2501401;04960-105;5;53;6;0;2;-;8;1;2;-;2;1;1;7;1974;5;2;3
T083;2401404;02280-330;5;15;3;4;2;-;3;6;2;-;1;1;2;8;1990;3;2;2
T138;2302206;04820-075;1;13;3;2;1;4;4;2;2;-;1;2;2;3;1972;2;1;2
T081;2302305;05207-220;5;12;5;4;1;1;2;4;2;-;3;1;1;5;1963;1;1;1
T115;2101772;04856-557;1;52;6;1;1;2;9;4;2;-;12;2;1;2;1952;1;1;3
T194;2201556;08452-425;5;64;1;2;1;2;10;4;3;-;3;2;2;5;1987;5;2;2
T005;2903409;08452-435;1;61;1;0;2;-;6;3;1;3;10;2;1;4;1979;5;1;3
T089;2903508;08452-445;1;63;2;2;2;-;3;3;1;1;3;2;1;4;1991;2;2;3
T175;2601706;08452-455;5;12;3;3;2;-;10;5;1;1;12;1;1;9;1969;1;1;2
T161;2700904;04859-335;1;12;3;3;1;3;5;1;2;-;10;2;1;9;1963;1;1;1
T153;2101731;03756-075;5;13;1;0;1;4;7;5;1;2;10;2;1;2;1957;4;1;3
T139;2700805;04859-340;1;53;5;4;1;1;2;1;1;3;1;1;1;2;1958;3;1;3
T091;2501906;08180-650;6;64;5;0;1;2;4;6;3;-;12;2;2;6;1997;2;1;1
T179;2601508;04859-385;6;64;5;4;2;-;7;5;1;1;12;1;1;6;2000;5;2;2
T079;2601607;08180-620;5;64;4;4;1;2;6;3;2;-;6;1;1;5;1950;3;1;1
T018;2502003;08180-600;1;14;3;4;2;-;2;7;2;-;4;1;2;11;1975;1;2;1
T158;2201572;05267-235;6;12;1;3;1;6;1;7;1;1;10;2;2;1;1969;2;1;2
T103;2201606;03736-005;5;62;3;3;1;1;4;4;1;1;10;1;2;4;1971;1;2;3
T116;2101806;04859-399;6;65;5;3;2;-;8;4;3;-;2;2;2;2;1975;3;2;2
T143;2401602;04859-345;6;65;1;3;2;-;1;7;2;-;12;2;1;5;1990;3;2;1
T043;2101905;04859-390;5;63;5;1;1;2;4;4;1;2;12;2;2;3;1992;2;1;2
T139;2502052;04859-350;1;62;2;1;1;4;10;7;2;-;2;2;2;8;1968;1;1;2
T050;2101939;04859-380;6;61;6;0;2;-;1;3;2;-;2;1;2;2;1987;2;2;2
T020;2201705;04859-375;1;12;2;3;2;-;2;6;2;-;1;2;1;10;1983;4;1;2
T015;2601805;04859-370;6;15;6;2;1;6;8;2;1;1;4;1;2;3;1974;3;1;2
T047;2201739;04859-365;1;51;4;1;2;-;3;2;3;-;3;1;2;5;1970;2;1;1
T050;2601904;04859-360;5;14;6;3;2;-;2;2;1;1;12;1;1;5;1971;2;1;2
T081;2903607;04847-210;5;62;2;2;1;5;9;1;2;-;2;1;1;3;1994;1;1;3
T079;2201770;04859-395;1;65;1;3;1;3;9;2;3;-;1;2;2;7;1954;1;1;2
T048;2903706;04963-250;1;65;1;1;2;-;7;7;2;-;3;2;2;5;1967;3;2;2
T065;2405306;08143-250;5;14;6;3;1;3;6;4;1;2;12;1;1;12;1982;1;1;1
T082;2502102;05164-128;6;51;2;4;1;2;3;5;3;-;2;2;2;7;1996;2;2;1
T058;2302404;05164-127;5;63;2;4;1;1;7;2;3;-;3;1;1;3;1956;5;1;1
T169;2101970;04186-015;5;15;5;1;1;3;4;3;3;-;12;2;1;3;1989;5;2;1
T084;2903805;02378-180;1;12;1;1;1;3;5;2;2;-;4;2;1;7;1956;1;1;3
T188;2502151;08151-605;5;15;6;3;1;6;7;7;2;-;1;1;2;5;1980;3;1;2
T046;2701001;04963-240;1;62;2;2;1;6;9;6;1;3;2;2;2;1;1963;3;1;3
T063;2201804;04963-195;5;65;1;3;2;-;10;2;2;-;10;1;2;3;1969;5;2;3
T167;2602001;04963-260;6;51;1;1;1;1;9;5;2;-;10;1;1;7;1990;2;1;1
T084;2401651;08245-475;6;51;6;2;2;-;5;3;1;2;1;1;2;11;1952;5;1;2
T091;2602100;05164-133;6;52;5;0;1;3;5;3;2;-;10;2;1;10;1965;2;2;1
T010;2102002;04963-290;1;64;4;4;2;-;9;6;2;-;4;2;1;7;1965;2;2;3
T164;2602209;05164-134;5;53;2;0;2;-;4;1;1;1;1;1;2;12;1978;5;2;3
T005;2903904;04963-225;1;63;6;0;1;3;5;4;3;-;6;2;1;1;1969;3;2;3
T128;2903953;04963-270;1;51;5;2;1;4;3;4;2;-;3;1;2;4;1995;4;1;3
T057;2102036;04963-185;1;14;5;4;1;1;8;7;2;-;12;1;2;11;1991;5;1;3
T087;2502201;04963-280;1;14;1;1;2;-;1;5;1;3;4;1;1;7;1966;3;2;3
T059;2201903;08151-625;6;65;5;2;2;-;1;2;1;1;2;2;2;5;1969;4;1;1
T041;2401701;08151-635;5;53;4;3;1;5;3;3;2;-;10;1;2;10;1966;3;1;1
T062;2102077;08151-645;6;61;1;3;2;-;9;6;3;-;10;2;1;1;1980;1;2;1
T020;2201919;08150-164;6;15;2;0;2;-;2;5;3;-;2;1;1;8;1981;2;1;2
T002;2502300;08150-168;5;51;5;4;1;6;3;5;2;-;12;1;1;2;1995;3;2;1
T146;2201929;08150-166;6;13;4;3;2;-;1;1;2;-;12;2;1;5;1974;4;2;2
T089;2904001;04963-230;5;53;6;2;1;1;9;3;2;-;3;1;1;7;1992;4;1;1
T101;2502409;08150-810;6;11;4;4;2;-;5;1;3;-;3;2;2;12;1978;3;1;1
T129;2904050;08143-240;6;61;3;4;2;-;4;3;1;3;1;1;2;11;1985;3;1;3
T150;2602308;08143-230;1;15;5;1;1;4;6;2;3;-;3;1;2;10;1985;1;2;1
T110;2502508;04862-030;6;13;4;0;2;-;4;6;1;2;12;1;1;12;1983;2;1;1
T038;2201945;08142-810;6;15;3;1;2;-;5;4;3;-;2;2;2;8;1955;3;2;1
T031;2800670;08142-800;6;65;4;1;1;5;3;7;2;-;2;1;2;2;1985;1;1;2
T036;2904100;08142-780;5;53;4;4;1;5;4;6;2;-;4;2;2;10;1981;2;1;1
T159;2502706;08142-760;5;62;1;2;1;5;10;7;1;3;3;2;2;8;1987;3;1;2
T006;2904209;04962-000;1;51;1;2;2;-;6;4;1;3;1;2;2;12;1954;5;1;1
T164;2701100;04965-140;5;62;3;4;1;3;9;7;1;1;1;2;2;3;1995;3;1;2
T069;2201960;04963-010;6;52;6;4;1;1;2;1;3;-;1;2;1;7;1965;1;2;3
T022;2602506;05164-129;6;64;1;4;2;-;7;7;2;-;2;2;2;11;1988;3;2;1
T138;2401800;08150-820;1;64;3;1;1;5;3;4;1;3;3;2;2;4;1973;5;1;1
T027;2602605;08131-325;6;52;2;0;1;3;1;7;1;1;10;2;2;2;2000;2;1;2
T143;2102150;02366-265;5;63;6;1;1;1;4;5;2;-;4;1;1;6;1991;3;2;3
T023;2502805;05797-010;6;15;4;1;1;3;6;2;3;-;6;1;1;10;1986;1;2;2
T180;2201988;08490-630;1;11;6;3;1;3;7;2;3;-;1;2;1;1;1990;1;1;3
T049;2502904;08490-640;5;51;3;4;1;2;3;3;3;-;1;2;2;9;1991;5;2;1
T132;2800704;03277-025;6;14;6;2;1;3;1;4;3;-;4;2;1;9;1962;2;2;1
T059;2302503;05396-465;6;65;1;0;2;-;2;6;3;-;4;1;2;6;1979;4;1;2
T185;2102101;08121-106;5;12;3;0;1;1;3;6;3;-;6;2;2;9;1966;1;2;2
T151;2904407;08121-103;6;13;2;0;1;5;1;3;1;2;4;1;2;8;1993;5;1;2
T069;2602407;05164-137;5;61;1;3;1;2;1;5;1;1;10;1;2;12;1986;5;1;3
T071;2904308;05164-139;1;12;3;0;1;1;6;6;3;-;4;1;2;9;1968;1;1;1
T017;2904506;02365-010;5;11;4;0;1;3;9;7;1;3;12;1;2;10;1971;4;2;1
T066;2904605;08111-730;5;53;3;1;2;-;7;5;1;2;12;2;2;6;1986;1;1;3
T086;2602704;08111-785;5;62;3;3;1;1;9;7;3;-;10;1;1;6;1955;3;1;1
T189;2904704;08111-780;1;52;6;1;1;3;8;4;3;-;6;1;2;10;1992;2;1;3
T016;2102200;08111-775;6;52;5;2;2;-;9;3;2;-;6;1;1;12;1986;1;2;3
T024;2102309;08111-770;5;13;2;0;2;-;1;1;2;-;1;1;2;3;1977;1;2;3
T030;2202000;08430-865;1;15;4;2;1;6;7;7;1;1;10;1;1;7;1957;5;2;2
T123;2202026;08111-765;6;15;6;4;2;-;5;3;3;-;1;2;1;10;1994;4;2;1
T135;2102325;08111-760;6;61;4;3;2;-;4;3;2;-;12;1;1;8;1964;1;2;3
T125;2904753;08111-755;6;14;6;1;2;-;8;1;2;-;4;1;1;2;1987;4;1;2
T119;2102358;08111-750;6;52;2;1;1;4;1;2;1;2;1;1;2;2;1985;5;1;3
T144;2602803;08111-745;5;61;3;1;1;2;4;6;2;-;2;2;1;1;1995;1;1;2
T068;2503001;08150-265;5;52;5;1;1;5;9;3;2;-;2;1;2;3;1968;1;2;2
T050;2904803;08111-735;1;62;5;2;2;-;10;5;1;2;2;1;1;12;1952;2;1;3
T119;2503100;08111-800;6;14;2;1;2;-;10;4;1;3;12;1;2;8;1977;2;2;2
T116;2904852;03383-105;5;12;5;1;1;1;3;5;2;-;10;2;1;9;1959;3;1;2
T092;2202059;04883-405;1;62;3;0;2;-;1;1;1;1;12;1;2;8;1953;3;2;3
T062;2503209;04963-300;1;61;2;0;2;-;1;7;1;3;12;1;1;9;1958;4;1;3
T089;2602902;08130-465;5;14;6;2;1;4;4;6;2;-;3;1;1;3;1991;2;1;2
T048;2603009;08130-005;5;13;6;3;2;-;3;5;3;-;4;2;2;8;1994;3;2;3
T043;2904902;08150-162;6;11;1;1;1;2;1;7;3;-;6;2;2;3;1979;3;1;2
T191;2503308;08150-160;1;12;5;3;1;1;7;5;3;-;4;1;1;2;1970;3;1;3
T142;2102374;08150-158;6;12;2;1;2;-;4;5;2;-;1;1;2;2;1964;4;2;2
T128;2603108;08150-156;6;63;6;4;2;-;7;1;1;3;10;1;1;4;1973;2;2;3
T045;2503407;08150-154;1;53;1;0;2;-;9;2;2;-;10;1;1;9;1986;1;2;3
T011;2503506;08111-740;6;61;2;3;2;-;3;7;1;1;6;1;1;6;1961;4;1;3
T021;2503555;08150-700;1;13;3;1;1;5;5;7;2;-;2;1;2;11;1986;1;2;3
T060;2701209;08142-790;5;63;3;3;1;2;6;4;2;-;3;1;1;11;1951;3;1;3
T063;2905008;08150-152;1;51;3;3;1;1;1;1;3;-;12;1;1;8;1965;2;2;2
T191;2905156;08150-800;5;11;1;2;1;3;8;6;1;3;6;2;1;8;1989;4;2;2
T085;2905206;08150-790;1;51;6;3;2;-;3;4;1;2;2;2;2;12;1990;2;2;1
T078;2603207;08150-780;6;64;1;2;1;6;10;3;2;-;4;2;2;5;1996;4;1;3
T013;2905305;08150-770;6;51;6;0;1;4;5;2;3;-;4;1;1;8;1971;2;2;2
T109;2402006;08150-760;6;15;3;2;2;-;4;2;1;3;6;2;1;11;1975;1;2;2
T185;2905404;08150-750;5;14;6;4;2;-;8;5;2;-;10;1;2;12;1990;5;2;2
T071;2503605;08150-740;6;51;5;2;2;-;7;5;2;-;4;1;1;1;1952;1;1;1
T132;2401859;08150-730;1;61;4;3;1;2;1;6;3;-;4;2;1;2;1972;2;2;2
T075;2401909;08111-790;6;61;3;3;1;1;4;1;2;-;4;2;2;1;2000;4;1;3
T123;2102408;08150-710;5;53;5;1;2;-;5;4;2;-;12;2;1;10;1965;2;2;2
T122;2102507;08111-795;5;64;4;4;2;-;9;2;3;-;1;1;2;4;1998;1;1;2
T018;2503704;08150-690;6;53;1;1;2;-;10;4;3;-;6;2;1;4;1992;2;1;2
T097;2202075;08150-680;6;12;2;0;2;-;5;2;3;-;10;2;2;8;1951;5;1;1
T024;2503753;08150-670;5;13;3;1;1;4;6;2;1;2;4;2;1;1;1964;4;1;3
T083;2701308;08150-650;5;62;1;4;1;5;4;4;2;-;2;2;2;10;1990;3;1;1
T147;2202083;08150-645;1;64;5;0;2;-;3;6;1;3;4;2;2;5;1983;4;2;3
T024;2503803;08111-825;1;52;1;2;1;1;8;4;2;-;4;2;2;6;1973;2;1;1
T012;2905503;08111-820;6;62;1;3;2;-;7;1;3;-;4;1;1;7;1998;3;2;3
T044;2202091;08111-815;5;15;4;2;1;6;2;3;1;3;4;2;2;12;1954;4;1;3
T132;2603405;08111-810;5;63;3;2;2;-;10;6;3;-;1;1;1;7;1976;1;1;1
T134;2603306;08111-805;6;64;6;0;2;-;7;3;2;-;4;1;2;11;1969;2;1;3
T160;2905602;08151-615;1;64;2;3;2;-;3;2;3;-;2;2;1;10;1984;3;1;1
T038;2503902;08150-720;6;52;1;2;1;2;3;2;3;-;4;1;1;2;1976;4;1;3
T040;2905800;04775-167;5;11;2;2;2;-;2;3;1;1;6;1;1;6;1990;1;1;1
T175;2603454;03068-005;6;12;3;3;2;-;10;1;2;-;12;2;2;12;1995;5;2;3
T117;2905701;08452-505;1;52;3;1;1;2;3;3;1;1;1;1;1;7;1966;5;2;3
T156;2302602;04880-055;5;12;2;0;2;-;10;5;3;-;4;2;2;2;1993;3;2;2
T065;2603504;03733-020;5;52;6;1;2;-;5;4;1;3;10;2;1;5;1962;1;2;2
T173;2102556;03615-000;6;11;2;2;2;-;8;2;2;-;6;1;1;1;1984;2;2;3
T108;2701357;08120-595;1;62;6;3;1;4;1;1;1;2;12;1;1;9;1963;1;2;1
T186;2504009;08120-485;1;62;4;4;1;2;10;5;1;3;6;2;1;3;1995;4;1;2
T109;2202109;03939-072;5;15;2;1;1;5;7;3;1;2;12;2;1;12;1956;3;1;2
T190;2905909;05885-380;6;11;2;2;1;6;2;1;1;2;4;2;2;6;1981;5;2;2
T167;2202117;08152-125;1;62;2;1;1;2;9;2;1;3;2;2;2;3;1985;2;2;3
T045;2701407;03939-069;6;15;2;0;2;-;2;2;2;-;10;2;2;5;1978;2;2;2
T085;2516409;04892-025;1;62;1;1;1;4;10;6;1;1;4;2;2;12;1990;3;2;2
T037;2801009;04405-095;1;14;2;3;2;-;4;7;1;1;12;1;1;11;1997;1;2;3
T060;2906006;04920-125;1;14;1;3;1;1;2;2;1;1;12;1;2;2;1992;1;2;2
T034;2701506;08142-880;5;65;4;4;1;3;1;7;1;3;3;2;2;7;1989;3;1;3
T146;2202133;08142-870;1;53;2;2;1;3;1;3;2;-;6;1;1;9;1974;4;2;2
T161;2202174;08142-860;1;61;4;0;2;-;1;6;1;1;3;1;2;11;1986;4;1;1
T040;2202208;04892-035;6;63;3;3;1;1;4;1;3;-;10;1;1;7;1996;3;2;2
T030;2402105;02925-165;5;52;2;2;2;-;7;2;2;-;4;1;1;12;1976;1;1;1
T098;2302701;08160-385;6;14;3;4;2;-;4;1;2;-;4;1;1;11;1960;4;2;1
T104;2603603;08160-375;6;61;3;1;2;-;2;5;1;2;6;1;2;8;1982;5;1;1
T030;2701605;04962-045;1;63;2;2;2;-;3;3;2;-;4;1;2;7;1992;5;1;2
T062;2906204;04962-030;5;62;5;2;1;6;6;2;3;-;6;2;2;12;1988;3;1;2
T048;2202251;03687-075;1;11;3;1;1;6;9;4;3;-;2;1;2;12;1997;2;2;3
T085;2906303;02202-035;1;63;4;2;1;1;8;2;2;-;6;1;1;11;1989;2;2;2
T037;2906402;02763-085;1;52;2;1;1;5;7;3;3;-;2;2;1;5;1980;4;1;2
T095;2906501;04182-125;5;51;1;0;1;2;3;4;3;-;3;1;2;10;1984;1;1;2
T182;2906600;04894-240;5;53;5;0;1;6;9;1;1;1;1;1;1;4;1961;5;1;2
T185;2402204;08143-260;1;52;5;1;2;-;8;3;1;3;1;2;1;7;1958;3;2;1
T101;2801108;08131-315;1;52;3;4;1;1;8;4;2;-;12;2;2;3;1956;2;2;2
T081;2603702;04894-230;5;63;3;2;1;3;4;1;3;-;2;1;1;4;1957;2;1;2
T100;2801207;04894-210;6;53;2;3;1;6;7;2;2;-;2;1;2;11;1953;3;1;3
T110;2302800;08120-565;1;64;6;3;1;2;7;5;1;2;4;1;1;12;1986;2;1;1
T155;2906808;04894-200;5;62;4;3;2;-;1;3;1;3;6;1;1;2;1959;3;2;2
T038;2102705;03407-045;1;11;5;4;2;-;4;5;1;2;4;2;1;11;1968;4;2;1
T040;2202307;08142-770;5;61;6;0;2;-;1;5;2;-;6;2;1;1;1985;2;2;3
T096;2906824;04182-115;5;52;6;0;2;-;9;1;3;-;2;1;2;9;1996;3;2;1
T075;2906105;04894-250;1;64;4;3;2;-;7;7;3;-;6;2;1;11;1985;4;2;1
T143;2701704;04902-015;1;61;4;4;1;1;9;3;1;1;1;1;1;7;1985;3;1;2
T054;2801306;02542-113;5;12;3;3;1;3;9;1;3;-;6;1;1;7;1990;4;1;3
T062;2906857;04177-447;5;64;3;3;1;3;9;2;2;-;12;2;2;12;1979;3;2;3
T035;2504033;04177-445;1;51;4;0;1;1;3;5;1;2;10;2;2;3;1978;5;1;1
T097;2906873;08490-018;5;52;1;0;2;-;7;2;3;-;3;1;1;7;1964;1;2;2
T043;2102754;08490-007;1;15;1;0;1;6;10;5;2;-;3;2;2;10;1967;2;1;3
T130;2302909;08490-008;5;53;2;0;1;6;7;4;1;2;4;1;2;7;1997;5;2;3
T196;2202406;08490-019;5;15;4;0;1;2;9;4;1;2;1;2;1;4;1989;3;2;1
T047;2202455;08490-009;6;62;2;3;1;6;2;5;1;1;2;2;2;11;1988;5;2;2
T019;2603801;03976-085;5;53;1;0;2;-;1;5;2;-;12;1;2;8;1986;3;2;1
T151;2202505;04950-135;5;15;1;2;2;-;4;5;3;-;3;2;1;11;1970;4;2;1
T154;2906907;08031-080;5;52;6;1;1;2;8;6;1;3;4;1;2;6;1982;1;1;3
T183;2906899;08431-470;6;63;2;3;1;1;4;2;1;1;10;2;1;12;1973;2;1;1
T157;2504074;04894-260;5;63;6;4;2;-;5;1;3;-;12;2;1;6;1959;5;1;1
T144;2402303;08431-430;5;11;3;3;2;-;5;2;2;-;4;2;1;7;1963;5;1;3
T008;2202539;02993-007;6;61;3;2;1;6;9;6;3;-;3;1;1;10;1967;2;2;1
T117;2907004;04910-015;5;64;1;2;1;2;1;7;3;-;3;1;2;7;1963;5;2;2
T145;2303006;04917-165;1;11;2;0;1;6;3;1;2;-;10;1;2;4;1972;2;2;2
T158;2202554;04917-005;6;51;5;0;1;1;4;2;2;-;6;2;1;6;1971;2;1;1
T196;2907103;04915-065;6;65;1;3;1;3;10;2;3;-;6;2;2;3;1971;5;2;2
T085;2801405;04904-115;1;51;6;3;1;1;5;1;1;1;6;2;1;7;1968;1;1;1
T117;2303204;04904-025;6;64;6;2;2;-;3;4;2;-;4;1;1;9;1968;2;1;3
T075;2303105;04902-005;1;64;2;0;1;3;4;2;3;-;3;2;1;9;1978;3;1;1
T027;2303303;04909-025;1;51;5;2;1;4;2;5;3;-;1;2;2;2;1967;1;1;3
T125;2801504;04856-120;5;65;3;4;1;3;10;5;1;1;6;1;1;5;1952;3;1;1
T196;2402501;04855-560;1;64;3;3;1;1;9;3;1;1;3;2;1;7;1993;4;1;2
T154;2303402;04843-430;6;65;5;3;2;-;1;2;2;-;3;2;2;3;1997;3;1;1
T074;2603926;04844-445;1;14;3;4;1;1;2;1;3;-;1;2;2;8;1980;5;2;3
T043;2603900;04847-205;6;13;3;2;1;5;7;3;3;-;3;2;2;9;1994;4;1;3
T110;2402402;08031-020;1;64;6;2;1;4;2;6;3;-;6;2;1;10;1951;3;2;2
T006;2701803;04854-250;1;15;1;2;2;-;4;1;2;-;6;1;2;9;1979;4;1;2
T005;2102804;04844-750;5;12;6;2;1;1;5;1;2;-;3;2;1;9;1980;3;1;3
T010;2604007;04844-345;5;51;6;1;1;6;5;4;2;-;6;1;2;12;1998;3;1;3
T124;2504108;04844-305;1;12;5;0;1;4;10;2;2;-;1;1;1;5;1969;5;1;1
T029;2604106;04835-385;5;14;6;3;2;-;7;4;3;-;3;2;1;1;1973;4;2;3
T093;2102903;04835-375;6;53;1;4;2;-;4;3;1;2;12;2;1;12;1984;4;1;1
T103;2907202;08382-090;5;53;6;4;1;1;9;4;2;-;6;2;1;3;1983;5;1;1
T196;2303501;02190-120;5;64;3;3;2;-;2;4;3;-;1;1;2;12;1989;5;2;2
T034;2604155;03882-180;6;11;1;1;2;-;7;6;3;-;12;1;1;12;1979;4;1;2
T121;2504157;02253-005;1;13;5;0;2;-;8;7;1;2;10;2;1;2;1977;5;2;1
T199;2202604;08430-028;6;62;6;3;1;3;1;3;2;-;2;1;1;3;1995;1;1;3
T095;2907301;08430-027;5;61;4;4;1;3;3;5;1;3;3;2;1;3;1996;4;1;2
T025;2303600;08143-310;5;64;5;2;1;1;9;3;2;-;4;1;1;2;1971;2;2;2
T143;2604205;08050-570;6;12;6;1;1;2;4;6;2;-;6;1;1;8;1957;4;2;2
T177;2504207;08235-560;1;52;3;2;1;4;9;1;1;1;2;1;1;8;1980;1;2;3
T194;2907400;08143-270;6;63;1;1;2;-;9;1;2;-;2;1;1;9;1985;3;2;1
T118;2504306;08143-280;1;51;5;0;1;3;7;6;1;2;4;1;1;8;1980;3;2;3
T068;2907509;08143-290;6;14;5;3;1;4;9;6;1;3;12;1;1;4;1972;2;2;3
T110;2303659;08143-370;5;14;6;2;2;-;5;6;1;3;3;2;2;4;1973;3;2;2
T170;2907558;01534-000;5;13;1;0;1;5;5;3;1;1;3;1;1;4;1969;3;1;3
T165;2504355;08143-300;6;52;4;0;2;-;9;4;2;-;2;1;1;11;1965;4;2;2
T156;2303709;08143-380;1;63;6;0;2;-;2;4;3;-;4;1;2;9;1995;3;1;2
T032;2103000;08143-320;1;51;4;0;1;4;9;6;3;-;6;2;2;8;1984;3;2;3
T102;2202653;08143-330;1;15;5;3;1;4;3;5;3;-;10;1;2;1;1986;4;2;2
T162;2905107;08143-350;1;51;2;1;2;-;5;7;1;1;4;1;2;10;1956;4;2;3
T191;2402600;08143-355;6;11;5;1;2;-;10;3;1;2;1;2;2;5;1962;5;2;1
T172;2103109;03939-067;1;13;2;1;2;-;10;5;2;-;12;2;2;9;1960;2;2;2
T088;2801603;08474-135;6;65;3;2;1;1;4;2;1;2;12;2;2;1;1952;3;2;2
T079;2303808;08143-360;5;52;2;0;2;-;8;5;2;-;1;2;2;8;1986;3;1;2
T010;2604304;08143-410;1;64;1;0;1;5;7;7;3;-;12;1;1;8;1975;3;1;3
T149;2103125;08142-850;1;12;3;3;1;1;7;4;1;2;4;2;1;11;1955;5;1;2
T008;2907608;08142-840;1;14;6;2;2;-;10;4;2;-;6;1;1;12;1960;4;1;1
T170;2103158;08142-830;5;51;6;4;1;5;10;2;2;-;10;2;1;2;1983;1;2;1
T016;2103174;08142-820;6;65;2;1;1;6;1;7;3;-;12;1;2;6;1998;3;2;2
T033;2402709;08143-420;6;63;2;3;1;2;8;3;1;1;6;1;2;1;1953;2;1;2
T020;2103208;08050-725;5;63;1;4;2;-;10;6;3;-;10;1;2;9;1980;2;1;1
T077;2303907;08143-400;6;62;3;3;2;-;2;6;1;3;10;2;2;6;1981;3;2;3
T136;2303956;08143-390;5;53;6;1;1;1;9;2;2;-;10;1;1;3;1974;5;1;1
T198;2907707;03938-172;6;65;6;1;1;5;6;4;1;3;12;1;1;12;1973;4;2;2
T094;2303931;08220-225;6;12;4;4;1;6;5;2;1;1;2;2;2;10;1950;1;2;3
T062;2604403;03938-173;6;61;1;2;1;1;8;4;2;-;1;1;2;5;1983;1;1;3
T109;2604502;03938-171;1;13;3;0;1;4;10;1;3;-;4;2;1;8;1970;2;2;3
T021;2701902;03938-174;6;15;3;2;2;-;4;5;3;-;2;1;2;11;1983;4;2;1
T164;2103257;08143-430;5;11;3;2;2;-;9;3;2;-;10;1;1;9;1995;2;1;3
T146;2907905;05205-381;6;11;5;0;2;-;1;2;2;-;12;1;1;12;1964;2;2;3
T003;2908002;05207-081;5;52;1;1;2;-;1;3;2;-;3;1;1;9;1954;5;2;1
T009;2202703;05207-082;1;52;6;1;1;1;10;4;3;-;4;1;2;3;1978;2;2;3
T175;2202711;05207-051;1;63;1;4;1;1;7;4;3;-;6;1;2;2;1960;1;2;1
T076;2202729;04892-235;1;51;2;2;2;-;4;6;1;2;1;2;1;4;1950;4;1;1
T177;2908101;05574-007;1;64;1;3;2;-;4;5;3;-;12;1;2;7;1964;2;1;2
T188;2103307;05205-191;6;12;1;0;1;3;4;6;1;3;4;1;2;2;1984;2;1;1
T025;2103406;05205-371;5;63;5;4;2;-;2;6;2;-;4;1;2;10;1951;5;2;3
T189;2702009;08120-660;5;13;1;2;1;4;9;2;3;-;2;2;1;8;1963;3;1;1
T074;2202737;05205-382;6;13;2;2;1;3;10;6;3;-;12;1;1;8;1967;3;1;2
T139;2103505;05205-341;5;62;5;0;1;1;4;2;2;-;6;2;2;2;1996;2;1;3
T120;2202752;05205-342;1;61;2;3;1;1;4;1;1;2;10;1;1;6;1987;5;2;2
T142;2202778;05205-221;1;53;2;1;2;-;5;2;2;-;12;1;2;8;1981;5;1;1
T157;2702108;05205-222;5;52;2;2;2;-;7;2;3;-;6;2;1;9;1959;4;2;3
T027;2908200;05205-223;6;14;1;4;1;2;4;1;2;-;3;2;2;8;1952;3;1;2
T187;2908309;04848-185;6;52;2;4;2;-;9;4;1;3;10;1;1;2;1977;4;1;2
T185;2202802;01216-012;5;53;3;0;1;1;8;3;2;-;10;2;2;8;1969;2;2;1
T192;2908408;01213-003;1;61;2;2;1;4;5;1;1;2;3;2;2;5;1960;2;1;3
T011;2908507;01213-002;6;15;6;1;2;-;9;3;1;3;12;2;2;12;1970;4;2;1
T003;2103554;01210-003;5;15;5;3;1;6;4;6;3;-;10;2;2;7;1991;5;2;2
T159;2504405;01210-002;1;62;6;4;2;-;6;3;3;-;1;1;2;12;1978;3;2;3
T009;2504504;01212-001;1;14;1;0;1;5;10;4;2;-;2;2;1;11;1986;4;1;3
T198;2604601;01212-002;6;14;2;2;1;5;5;3;1;2;2;2;2;3;1980;4;1;3
T151;2908606;08120-650;1;12;4;1;2;-;8;3;2;-;4;1;1;5;1965;1;1;2
T009;2504603;01216-011;1;64;5;2;1;4;4;1;2;-;1;1;2;11;1954;1;2;3
T001;2908705;08120-680;1;14;2;0;2;-;4;3;1;2;10;2;2;3;1958;5;1;3
T160;2504702;01208-011;6;63;6;2;1;3;9;6;3;-;12;2;2;3;1997;3;1;2
T136;2908804;01208-012;1;51;2;0;2;-;7;3;2;-;4;1;1;11;1978;3;2;3
T068;2702207;03059-001;5;64;2;2;1;2;1;5;3;-;10;2;2;4;1950;3;2;1
T169;2908903;03059-005;5;15;1;3;2;-;6;7;1;1;3;1;2;10;1974;1;2;1
T151;2909000;08120-670;5;52;2;3;2;-;10;3;1;1;6;2;2;3;1974;5;1;2
T056;2304004;04413-085;5;13;6;0;1;3;9;4;1;2;3;2;2;2;1986;5;2;1
T139;2504801;05676-120;5;14;2;0;1;4;8;7;3;-;10;2;1;5;1953;4;1;3
T153;2909109;08346-080;6;62;5;1;2;-;10;1;3;-;1;1;2;10;1958;1;2;2
T197;2103604;08310-598;1;51;1;0;2;-;7;4;1;3;10;2;1;11;1980;5;1;1
T063;2402808;04880-065;5;15;1;3;1;3;9;7;3;-;1;2;1;3;1952;4;2;2
T073;2202851;04855-235;5;51;1;3;2;-;1;3;3;-;4;2;2;12;1972;5;2;1
T038;2402907;08191-100;1;64;4;0;2;-;5;5;2;-;6;2;1;8;1971;1;2;1
T172;2909208;08310-594;6;61;3;3;2;-;8;6;1;3;1;2;2;8;2000;3;2;1
T142;2202901;08330-587;1;51;6;1;2;-;2;3;3;-;4;2;1;10;1999;3;2;1
T124;2604700;08346-377;5;14;5;0;1;6;9;5;1;1;4;1;2;7;1966;4;1;1
T080;2909307;08340-495;1;64;5;1;2;-;4;7;3;-;3;2;2;4;1983;3;2;3
T037;2604809;08310-562;1;65;5;1;2;-;7;1;1;3;2;2;1;6;1976;3;1;3
T015;2702306;03689-035;5;12;5;0;1;3;4;5;1;3;2;1;2;9;1952;5;1;1
T125;2909406;05873-385;5;15;3;3;1;4;7;6;1;2;12;1;1;5;1969;2;2;3
T050;2504850;05205-161;6;61;1;3;2;-;5;2;3;-;1;2;2;5;1954;5;2;1
T172;2304103;08310-592;6;65;1;4;1;5;10;4;2;-;3;1;2;10;1994;5;1;1
T105;2304202;05281-013;1;12;6;1;1;1;4;6;3;-;2;1;1;11;1998;2;2;2
T179;2909505;04476-115;5;62;6;3;2;-;8;6;2;-;2;1;2;4;1965;1;1;2
T178;2702355;08340-425;1;53;2;4;1;4;8;6;3;-;10;2;1;7;1954;2;2;1
T063;2203008;03894-225;6;62;3;4;2;-;1;2;3;-;1;1;2;8;1998;3;1;2
T184;2203107;08130-335;6;15;2;1;1;3;5;5;3;-;2;2;2;3;1971;4;1;1
T040;2801702;08346-375;1;14;4;4;1;3;8;1;2;-;10;2;1;3;1951;2;2;1
T116;2909703;02281-170;6;11;5;1;1;2;1;5;2;-;3;2;1;9;1968;3;1;1
T073;2909604;04880-053;6;15;1;4;1;1;5;7;2;-;12;2;2;5;1966;3;1;1
T118;2304236;04848-025;5;12;3;2;1;2;2;5;2;-;1;2;2;5;1974;5;2;3
T180;2304251;08310-561;1;64;3;0;1;2;6;1;2;-;3;2;1;9;1970;4;2;1
T106;2909802;02121-021;6;13;6;4;2;-;8;7;2;-;4;2;1;2;1990;5;2;1
T188;2504900;04424-017;1;13;1;0;2;-;1;4;1;1;4;1;2;11;1973;4;1;3
T019;2403004;04424-019;6;11;4;4;2;-;10;5;3;-;3;2;2;5;1997;3;1;1
T112;2505006;04823-025;5;61;6;2;2;-;4;5;1;1;2;1;2;2;1993;3;2;2
T032;2505204;05173-020;1;51;5;1;2;-;7;6;2;-;2;2;2;5;1957;2;2;2
T020;2505238;04424-013;5;63;3;2;1;4;7;3;2;-;3;1;2;11;1951;4;1;2
T194;2505105;05205-372;1;63;3;0;1;5;10;7;1;3;1;2;1;10;1982;1;2;3
T162;2604908;02812-005;6;53;1;3;1;4;4;2;2;-;3;2;1;3;1956;4;1;1
T193;2801900;08285-065;1;51;6;0;2;-;9;1;3;-;12;2;2;5;1969;3;1;2
T009;2605004;03120-015;5;12;1;4;2;-;2;2;1;2;6;1;1;5;1959;3;1;1
T078;2909901;04376-002;6;63;1;0;2;-;4;4;1;2;6;2;1;11;1966;2;2;1
T111;2203206;04376-004;6;64;5;0;2;-;8;4;1;3;3;2;2;3;1999;5;1;1
T189;2203230;04376-006;1;53;4;0;1;3;6;3;1;1;10;2;2;1;1997;2;2;1
T011;2403103;04376-008;6;11;6;4;2;-;7;3;1;1;12;1;2;7;1987;4;2;1
T058;2505279;04941-175;1;11;6;4;1;4;7;6;3;-;3;2;1;9;1957;5;1;2
T117;2203271;08240-170;5;53;6;1;1;2;6;2;2;-;3;2;2;12;1968;5;2;1
T064;2505303;08240-173;1;53;4;3;2;-;5;6;2;-;1;2;1;12;1968;3;1;1
T093;2203255;04370-003;1;65;5;0;1;5;2;7;1;1;2;2;2;10;1975;2;2;2
T138;2103703;04370-006;1;12;3;0;1;4;7;7;3;-;3;1;1;9;1950;5;2;1
T160;2605103;03450-000;5;65;6;0;1;2;8;5;1;1;3;2;2;5;1975;3;2;1
T147;2102606;04427-022;1;11;1;0;1;3;8;3;3;-;1;1;1;12;1979;3;2;2
T028;2906709;08285-060;5;11;1;0;1;1;8;1;2;-;12;1;2;2;1993;5;1;3
T154;2907806;04963-310;1;61;6;4;1;5;8;4;2;-;6;1;2;10;1952;1;1;3
T074;2505352;08295-000;5;13;6;0;1;1;1;5;3;-;10;2;1;10;1950;2;2;2
T122;2103752;08295-001;5;64;3;2;2;-;4;4;3;-;2;2;1;9;1980;5;1;1
T190;2702405;03526-000;5;62;6;3;2;-;4;2;2;-;1;2;1;4;1979;2;1;2
T134;2203305;04434-015;6;63;6;2;1;5;3;6;2;-;12;2;1;7;1975;3;2;1
T163;2304269;04429-135;1;64;5;1;2;-;7;2;3;-;3;1;1;3;1997;3;1;3
T199;2505402;04429-065;1;62;1;2;2;-;1;2;2;-;12;2;2;8;1970;3;1;1
T080;2505600;08421-552;6;65;4;1;1;4;5;6;2;-;2;2;2;6;1996;3;1;1
T063;2910057;02994-051;6;51;1;1;1;6;7;6;1;1;3;1;1;8;1990;3;1;1
T150;2203354;02994-053;5;64;3;1;1;4;10;2;2;-;10;1;1;9;1998;2;2;3
T020;2802007;04476-075;6;53;6;4;1;2;9;3;2;-;6;1;1;11;1997;5;2;1
T073;2702504;02987-001;1;15;2;3;1;6;10;4;3;-;1;1;2;2;1952;4;2;3
T095;2910107;02987-002;1;64;5;3;2;-;8;6;1;2;4;2;1;12;1985;4;1;3
T108;2203404;03450-001;1;63;2;2;2;-;8;3;3;-;3;1;1;1;2000;3;1;2
T193;2203453;04417-186;6;53;1;3;2;-;1;2;2;-;10;1;2;4;2000;2;2;1
T007;2910206;04963-194;6;51;6;3;2;-;1;2;1;3;3;1;1;12;1972;1;2;1
T192;2103802;04426-015;5;13;6;4;1;3;3;4;1;1;1;2;2;12;1999;1;1;1
T159;2203420;04433-185;1;61;1;4;1;6;3;6;2;-;1;1;1;3;1992;3;2;1
T193;2505709;04409-085;1;13;5;3;2;-;3;4;2;-;12;1;1;6;1997;2;2;2
T140;2605152;04410-115;5;63;4;1;1;4;3;2;1;1;6;1;2;4;1963;1;2;3
T036;2403202;04410-175;5;64;3;2;2;-;4;5;1;2;3;2;1;1;1977;3;1;3
T163;2505808;04411-225;1;13;6;0;2;-;1;6;1;3;1;1;2;8;1985;3;1;2
T039;2103901;04410-006;5;52;5;4;2;-;5;6;1;3;10;2;1;2;1954;2;1;2
T076;2910008;04410-004;1;51;6;1;2;-;9;3;3;-;3;2;2;2;1958;2;1;3
T197;2203503;04410-046;5;63;2;2;2;-;3;2;3;-;4;2;1;4;1980;2;1;3
T131;2203602;04410-005;6;51;6;2;2;-;6;2;1;3;12;2;1;12;1989;3;2;2
T016;2910305;04407-035;1;65;3;1;1;3;6;6;2;-;10;2;1;11;2000;1;2;1
T087;2505907;03120-010;1;52;3;2;2;-;3;6;2;-;2;1;1;1;1953;1;2;3
T161;2403301;04407-098;5;11;3;3;2;-;8;3;3;-;6;1;2;8;1965;2;1;2
T026;2910404;04822-150;1;52;1;3;1;4;6;7;2;-;4;1;2;1;1960;1;1;1
T168;2910503;04920-005;6;13;5;0;1;1;6;7;2;-;6;1;1;2;1953;4;2;2
T105;2403400;04372-062;6;53;5;4;1;1;9;4;1;3;2;1;1;2;1999;3;2;3
T177;2304277;04372-064;6;12;6;1;2;-;7;5;3;-;6;2;2;9;1982;1;1;2
T065;2605202;04387-002;5;52;4;4;1;4;7;5;2;-;2;1;2;11;1952;4;2;1
T159;2203701;04387-004;6;13;6;0;2;-;1;5;2;-;4;1;1;1;1976;2;1;1
T173;2104008;04920-065;1;65;4;4;2;-;5;1;2;-;4;1;2;2;1968;4;2;3
T125;2506004;04915-005;5;52;5;1;2;-;8;6;1;1;3;1;2;1;1998;4;1;2
T159;2910602;04915-015;5;61;5;2;2;-;9;6;1;1;2;1;1;7;1990;1;2;3
T041;2403509;04912-130;5;62;2;0;1;1;1;7;3;-;10;2;2;8;1952;5;2;3
T077;2104057;04912-125;5;15;1;0;1;2;4;2;3;-;1;2;1;12;1988;2;2;2
T141;2702553;04912-105;5;12;1;0;2;-;7;7;1;1;3;1;2;7;1966;4;1;2
T127;2802106;02981-041;1;53;6;2;1;3;3;6;2;-;10;2;2;3;1971;3;2;3
T151;2910701;04407-115;5;15;5;1;1;4;2;5;2;-;6;2;2;7;1960;2;2;2
T189;2910727;08220-021;1;52;1;3;1;1;2;4;2;-;3;1;1;4;1999;4;1;2
T029;2304285;02987-003;1;53;2;1;2;-;6;6;2;-;12;2;2;1;1969;2;1;2
T185;2403608;02993-001;1;15;5;0;1;2;6;6;3;-;2;2;1;2;1956;1;2;1
T005;2605301;02997-001;6;11;6;4;2;-;10;7;1;2;1;2;1;9;1958;1;2;2
T185;2506103;02997-002;5;14;2;1;1;6;7;4;2;-;1;2;2;5;1952;4;1;2
T078;2304301;04384-034;5;51;3;1;1;2;6;7;1;1;6;1;1;8;1969;4;1;3
T011;2203750;02997-256;6;14;1;3;2;-;4;7;2;-;3;2;2;6;1980;2;1;1
T020;2910776;02991-142;5;11;6;4;1;1;4;2;1;3;12;1;1;9;1952;1;1;3
T021;2910800;02994-031;6;63;2;4;1;3;9;5;2;-;3;2;1;12;1984;4;1;2
T154;2702603;02994-032;6;62;2;4;1;4;1;3;3;-;3;1;1;1;1979;4;2;2
T172;2104073;02994-033;6;63;6;0;1;2;8;3;1;2;1;1;1;12;1954;3;2;3
T160;2605400;02994-034;6;13;4;4;2;-;10;4;1;1;3;1;2;11;1957;5;1;3
T126;2802205;02994-035;1;64;5;2;2;-;8;3;3;-;1;2;1;7;1981;5;1;1
T147;2403707;02992-003;5;14;1;2;1;4;4;7;3;-;3;2;2;12;1976;1;1;2
T055;2702702;08220-011;5;11;3;4;2;-;8;1;3;-;3;2;2;2;1963;1;1;3
T022;2605459;02991-042;5;51;6;3;2;-;2;4;3;-;1;2;1;6;1955;1;2;3
T102;2104081;08220-041;1;65;2;3;2;-;3;4;3;-;1;1;2;7;1970;3;1;2
T120;2403756;08220-111;1;12;4;3;1;3;5;1;2;-;1;2;1;12;1952;3;2;3
T198;2605509;02328-001;6;64;4;2;2;-;1;5;1;3;2;1;1;12;1963;3;1;1
T098;2910859;02328-042;5;12;6;4;1;3;3;2;2;-;1;2;2;12;1952;3;1;1
T141;2910909;02328-142;6;12;4;0;2;-;9;5;1;2;2;2;1;8;1953;2;1;3
T096;2702801;04963-325;1;51;3;0;2;-;7;5;3;-;6;1;1;4;1959;5;1;1
T168;2203800;04963-330;1;62;3;0;2;-;9;2;1;3;6;1;2;6;1996;3;2;3
T133;2605608;04963-335;5;11;1;4;2;-;2;6;1;2;1;2;1;4;1979;4;1;3
T158;2605707;04963-340;6;13;4;4;1;2;10;1;2;-;1;1;1;1;1991;5;1;3
T090;2911006;04963-354;6;13;6;3;2;-;2;6;3;-;12;2;2;9;1999;4;2;1
T150;2203859;04963-350;6;13;2;4;1;4;4;2;3;-;2;1;1;9;1968;5;1;1
T145;2203909;04963-192;1;13;4;1;1;6;9;2;2;-;4;1;2;10;1958;2;2;1
T111;2403806;08240-213;6;15;4;3;2;-;7;5;1;2;4;1;1;5;1981;4;2;2
T116;2104099;04421-225;1;64;5;3;2;-;10;5;1;3;12;1;1;3;1989;2;1;2
T067;2911105;04427-021;6;52;4;4;1;6;9;3;1;3;1;1;1;9;1974;3;1;2
T045;2304350;02981-085;6;14;1;0;2;-;2;5;1;3;3;2;1;12;1960;4;2;3
T021;2304400;02981-087;5;52;2;3;1;2;1;6;2;-;2;1;1;12;1975;2;2;2
T159;2104107;02982-141;1;13;3;2;2;-;4;2;3;-;1;2;2;5;1958;1;1;1
T050;2304459;02982-142;5;62;1;2;2;-;8;4;3;-;1;2;2;10;1975;2;2;3
T011;2104206;02985-001;5;51;6;3;1;2;3;4;3;-;4;2;1;3;1977;2;1;1
T119;2204006;02986-081;5;11;4;2;2;-;8;7;1;2;1;1;2;12;1950;5;1;1
T147;2204105;02986-082;5;11;3;4;1;2;1;5;2;-;6;2;2;1;1983;5;2;2
T108;2403905;02986-083;5;13;5;4;2;-;7;1;1;1;10;1;2;8;1982;4;1;2
T150;2204154;02986-084;5;14;3;0;1;3;6;3;1;3;2;1;1;7;1985;5;1;1
T084;2204204;02986-085;6;51;1;4;2;-;6;1;3;-;10;2;2;4;1959;3;2;2
T038;2304509;02567-250;6;62;1;2;2;-;9;6;2;-;4;2;1;7;1999;4;1;3
T187;2506202;02992-131;1;51;4;2;1;1;3;1;1;3;3;1;2;6;1952;2;2;1
T159;2605806;02567-253;1;51;3;4;1;2;7;6;3;-;10;2;2;4;1956;3;1;2
T142;2802304;02981-021;1;53;6;3;1;4;8;1;3;-;12;2;2;9;1995;2;1;2
T140;2204303;04421-235;5;11;3;4;2;-;10;6;2;-;4;1;2;3;1966;4;1;3
T199;2404002;04421-240;6;13;6;1;2;-;7;7;3;-;3;1;2;3;1994;1;2;2
T053;2910750;04425-005;5;63;1;0;2;-;10;3;3;-;3;2;2;2;1955;2;1;1
T154;2506251;04425-025;6;51;6;4;2;-;10;1;1;1;10;1;2;2;1984;3;2;2
T058;2404101;04425-035;6;13;5;3;2;-;7;1;3;-;2;1;1;11;1993;3;2;3
T050;2605905;04414-175;6;12;2;3;1;5;2;2;1;3;6;1;2;8;1980;2;2;3
T029;2911204;02991-016;1;14;2;1;2;-;4;6;3;-;4;2;1;9;1961;1;2;3
T064;2606002;02991-031;6;64;3;3;2;-;9;3;2;-;2;2;2;10;1965;3;1;2
T011;2802403;02991-032;6;64;3;4;2;-;4;1;2;-;1;2;1;9;1950;1;1;3
T198;2911253;02991-033;6;51;5;3;2;-;6;1;1;1;4;2;2;1;1982;5;1;1
T109;2204352;02991-034;1;65;2;4;1;4;8;5;3;-;12;1;2;11;1977;4;1;2
T001;2802502;02991-041;5;51;5;2;2;-;2;3;3;-;6;1;2;4;1982;1;1;1
T186;2304608;02567-252;5;11;4;1;1;3;10;4;2;-;12;1;1;2;1970;5;2;1
T053;2911303;08180-525;5;63;1;3;1;2;10;7;3;-;12;2;2;12;1978;5;1;1
T181;2204402;04421-195;5;12;1;3;2;-;1;4;1;3;6;1;2;2;1992;3;1;2
T143;2702900;04421-245;5;11;2;4;2;-;8;7;2;-;2;2;2;6;1969;2;2;3
T162;2606101;04429-002;1;14;1;4;2;-;8;2;3;-;6;2;1;1;1968;4;2;3
T046;2911402;04830-302;6;52;3;1;2;-;9;2;1;3;10;1;2;2;1991;1;2;1
T178;2104305;04830-304;6;51;1;2;2;-;9;6;2;-;6;2;1;4;1994;5;1;3
T165;2606200;04830-306;6;12;5;2;1;4;9;5;3;-;3;2;1;11;1958;3;1;1
T053;2404200;04842-305;5;62;2;1;1;5;10;6;1;1;1;1;2;9;1992;3;1;2
T069;2911501;04413-015;1;14;3;3;2;-;9;4;2;-;1;2;1;12;1992;3;2;2
T183;2104404;04413-075;1;65;3;0;2;-;6;1;2;-;2;2;2;12;1986;1;1;2
T166;2104503;04414-015;5;11;5;3;2;-;10;6;3;-;2;1;2;10;1962;2;2;2
T089;2404309;04413-082;6;61;4;4;1;2;9;7;3;-;1;1;1;1;1958;2;1;3
T087;2104552;04427-023;5;62;6;2;2;-;10;3;2;-;1;1;2;8;1969;4;2;3
T114;2104602;04891-395;1;11;5;1;1;3;6;7;2;-;1;1;2;4;1969;2;2;2
T029;2903300;04417-182;1;51;2;0;1;3;8;6;3;-;4;1;2;11;1994;3;2;2
T067;2104628;04429-265;1;52;6;1;1;4;10;6;2;-;1;1;2;1;1983;3;1;2
T086;2911600;04429-225;5;15;4;4;1;3;10;6;1;2;12;2;1;11;1982;5;2;3
T158;2104651;04430-115;5;61;5;3;2;-;5;5;2;-;10;2;1;2;1991;4;1;2
T015;2104677;04430-135;1;11;3;0;1;6;9;2;1;2;1;2;1;4;1954;3;1;1
T192;2802601;04430-345;1;15;2;0;2;-;4;2;3;-;1;1;2;8;1992;2;2;2
T052;2104800;04430-355;6;11;3;3;2;-;5;3;1;3;4;2;1;8;1971;5;1;1
T039;2606309;04430-385;6;51;3;3;2;-;6;5;2;-;6;2;2;10;1956;3;2;1
T041;2304707;04430-164;1;62;2;0;2;-;6;5;1;2;6;2;1;5;1952;4;1;3
T185;2304806;04430-112;5;65;1;3;1;1;10;1;3;-;6;1;2;8;1964;2;2;2
T163;2606408;04430-132;5;11;3;3;1;1;7;5;1;2;4;2;1;1;1989;4;1;1
T132;2304657;04430-155;1;14;6;4;1;6;4;2;2;-;10;1;2;7;1983;5;1;3
T034;2104701;04430-097;6;63;3;4;2;-;8;7;1;2;10;2;2;6;1965;5;2;3
T132;2304905;03755-055;1;51;5;2;2;-;2;5;1;2;2;2;2;5;1976;3;1;2
T074;2404408;02994-071;6;14;4;4;2;-;9;5;3;-;4;2;2;7;1993;1;1;3
T175;2204501;04384-032;5;15;5;0;1;4;8;3;3;-;3;1;2;1;1952;1;1;2
T196;2304954;04379-074;6;53;6;1;2;-;2;5;3;-;6;2;2;11;1969;4;2;1
T187;2911659;04379-072;6;61;4;3;1;3;4;5;3;-;1;2;2;5;1959;5;2;1
T191;2404507;04377-038;6;11;2;4;1;6;3;1;2;-;1;1;2;8;1957;1;2;2
T077;2911709;04377-036;5;52;2;2;1;4;1;6;2;-;6;2;2;10;1950;5;1;3
T114;2506301;04368-006;1;64;1;1;1;4;8;2;1;2;1;1;1;3;1966;5;2;3
T165;2305001;04368-003;6;11;4;3;2;-;10;1;3;-;1;2;1;2;1995;2;2;1
T124;2305100;04379-028;5;53;3;3;1;3;3;6;1;3;2;1;2;10;1962;5;1;3
T072;2911808;04379-026;6;14;3;0;1;5;5;1;2;-;1;1;2;10;1959;3;2;1
T191;2204550;04379-024;6;62;3;1;1;4;9;3;1;1;4;1;2;4;1964;2;1;2
T197;2104909;04379-022;6;62;2;3;1;3;8;2;1;1;10;1;1;6;1968;5;2;2
T092;2506400;04963-320;1;11;3;3;1;2;1;1;2;-;12;2;2;4;1956;1;2;1
T057;2506509;04414-005;6;62;6;2;2;-;5;2;2;-;10;1;1;12;1970;1;1;2
T009;2911857;08440-042;6;11;4;0;1;4;3;7;3;-;1;1;1;2;1950;3;1;2
T012;2305209;04194-355;1;13;1;4;2;-;4;4;2;-;2;2;1;6;1972;3;2;1
T120;2305233;02994-061;6;63;1;1;1;5;1;1;1;3;10;2;2;3;1995;4;1;3
T182;2204600;02994-052;1;11;4;1;2;-;3;6;1;2;6;2;2;3;1965;4;2;3
T046;2105005;04434-224;1;15;1;3;2;-;2;2;3;-;1;2;2;6;1987;4;2;1
T138;2606507;04411-075;1;63;5;0;1;1;8;5;2;-;3;1;2;11;1990;5;1;1
T082;2911907;04408-005;1;62;1;3;1;2;9;6;3;-;6;2;2;8;1992;5;1;2
T080;2305266;04409-025;1;63;1;1;1;3;8;3;3;-;1;2;1;3;1972;4;1;1
T187;2703007;04409-022;6;51;4;0;1;2;7;3;3;-;2;2;1;12;1995;2;1;1
T023;2305308;04408-085;5;14;6;0;2;-;10;6;2;-;3;1;2;1;1994;3;2;2
T025;2506608;04411-033;1;62;5;2;2;-;9;6;2;-;1;2;2;7;1989;1;1;1
T014;2912004;04416-202;1;15;3;3;2;-;10;2;1;2;3;2;1;11;1969;1;1;3
T025;2912103;04416-235;1;12;3;1;1;2;8;4;2;-;6;2;1;8;1999;5;1;3
T126;2912202;04430-095;1;52;4;3;2;-;6;1;2;-;4;2;2;8;1971;3;1;2
T142;2305332;04963-315;6;11;5;1;1;2;8;4;1;2;4;1;1;9;1950;3;1;1
T040;2912301;02987-108;5;11;1;3;1;3;10;6;2;-;2;1;2;3;1986;1;1;2
T081;2606606;04430-065;6;64;1;4;2;-;8;4;2;-;2;1;2;9;1974;2;2;1
T027;2912400;05570-775;6;63;4;1;1;2;9;5;3;-;3;2;2;2;1990;3;1;3
T040;2912509;05570-770;6;61;1;2;2;-;5;5;2;-;4;2;1;1;2000;1;1;3
T016;2912608;05570-760;6;65;5;0;1;4;4;1;3;-;1;1;2;4;1998;4;1;3
T038;2606705;05570-756;5;62;4;2;2;-;1;5;1;3;6;1;2;3;1952;1;2;1
T089;2912707;05570-755;1;12;6;2;2;-;10;5;3;-;12;1;1;4;1999;3;1;1
T026;2912806;05570-700;1;61;6;1;1;6;5;2;3;-;12;2;1;8;2000;3;1;1
T046;2912905;03977-007;5;62;5;3;1;2;5;3;1;1;1;2;2;8;1994;1;2;3
T177;2913002;02987-173;1;11;6;1;1;2;7;1;1;3;12;2;1;1;1989;1;2;2
T053;2913101;02987-172;1;11;5;4;1;3;6;5;3;-;10;2;2;8;1999;2;1;3
T107;2913200;02987-102;5;11;6;2;2;-;6;6;1;2;2;1;1;10;1965;2;2;2
T003;2305357;05850-252;1;61;5;1;2;-;10;4;3;-;12;1;1;12;1954;5;2;2
T067;2105104;05570-777;1;52;5;0;2;-;8;5;2;-;3;1;1;2;1978;2;1;3
T197;2913309;02987-109;1;61;5;4;2;-;3;5;2;-;4;1;1;4;1999;2;1;3
T139;2305407;05570-780;5;63;5;0;1;5;4;3;2;-;6;2;2;5;1989;3;2;1
T095;2404606;02987-107;1;15;4;3;1;2;8;1;3;-;10;2;1;2;1961;3;2;1
T041;2703106;02987-106;6;52;4;2;2;-;1;3;3;-;4;1;1;3;1957;3;2;1
T164;2913408;02987-105;5;63;4;1;1;6;2;5;2;-;12;1;1;5;1960;4;2;3
T126;2502607;02987-104;1;52;3;2;2;-;4;7;2;-;10;1;1;4;1973;4;2;3
T042;2105153;02987-103;5;51;4;0;2;-;3;5;1;3;6;1;1;12;1967;2;1;1
T073;2105203;02981-031;1;51;6;2;1;2;9;5;3;-;1;1;2;7;1958;2;1;2
T072;2606804;02987-101;1;52;4;1;1;4;10;6;2;-;4;2;1;1;1980;4;2;1
T078;2913457;04413-025;5;13;1;4;1;6;2;4;3;-;1;1;2;3;1952;5;1;2
T001;2703205;04413-065;6;52;2;1;1;6;7;5;2;-;4;1;1;5;1967;5;2;2
T130;2606903;04414-035;5;13;6;0;2;-;1;2;2;-;12;1;2;7;1994;4;2;1
T150;2305506;04413-055;5;62;1;0;1;5;1;3;2;-;6;2;1;1;1953;5;1;1
T129;2913507;04425-095;6;61;6;2;2;-;9;3;1;1;10;1;2;11;1997;3;2;2
T149;2802700;04930-315;6;15;4;2;2;-;6;5;2;-;12;1;1;7;1988;3;2;1
T014;2607604;04913-095;5;52;4;3;1;5;2;5;2;-;1;1;2;5;1958;4;1;3
T033;2204659;02991-141;6;14;1;1;2;-;6;5;1;1;2;1;1;12;1998;3;2;3
T124;2913606;04430-092;1;63;5;0;1;2;10;3;2;-;10;2;1;1;1953;2;1;1
T179;2506707;04432-117;1;12;1;3;1;1;1;5;1;2;4;1;2;5;1959;1;2;3
T072;2105302;04432-027;6;51;5;3;1;6;8;1;3;-;10;2;2;2;1981;5;1;3
T091;2607000;04432-115;6;61;6;4;1;5;9;3;1;1;2;1;1;5;1964;5;1;1
T191;2305605;04432-025;1;52;3;1;1;4;8;7;2;-;3;1;1;4;1987;5;1;3
T021;2802809;02987-061;5;14;5;2;2;-;4;2;3;-;12;2;1;12;1957;4;1;2
T097;2607109;02987-091;1;62;1;3;2;-;6;4;2;-;2;1;1;1;1986;3;2;3
T194;2506806;04405-185;1;14;6;4;2;-;9;6;1;1;1;2;2;12;1961;2;2;1
T123;2913705;04403-205;6;53;4;1;1;3;4;1;3;-;1;2;1;12;1998;5;2;1
T115;2703304;04428-115;6;63;4;1;2;-;1;5;2;-;1;1;2;3;1978;1;1;1
T174;2204709;04427-005;5;15;3;0;1;2;7;4;2;-;10;1;1;10;1982;1;1;1
T134;2404705;05570-776;5;53;3;4;1;3;3;5;2;-;12;1;2;6;1982;1;1;2
T123;2305654;04913-005;5;11;4;0;2;-;8;2;2;-;3;1;2;1;1985;1;2;3
T025;2305704;04430-235;5;65;2;1;1;6;6;4;3;-;12;1;2;10;1973;1;1;2
T175;2913804;04914-005;6;65;4;1;1;2;3;5;1;1;1;1;2;7;1992;4;2;2
T027;2913903;04915-075;1;63;2;3;1;6;2;3;3;-;6;2;1;1;1969;5;1;3
T021;2204808;04915-062;1;15;3;1;1;5;6;6;3;-;4;1;1;6;1987;2;1;1
T011;2914000;04915-025;5;12;6;1;1;5;5;5;1;2;4;1;2;8;1986;1;2;2
T070;2607208;04915-055;1;62;6;1;2;-;7;4;2;-;4;1;1;4;1978;3;1;2
T019;2305803;04915-085;6;11;3;1;2;-;7;3;1;2;3;2;2;9;1979;1;2;2
T125;2607307;04915-035;5;61;5;2;1;6;5;4;2;-;2;1;2;8;1989;3;1;3
T072;2404804;04915-023;1;61;4;1;2;-;2;7;1;1;1;2;2;9;1973;4;2;1
T035;2305902;04915-045;5;63;4;1;2;-;2;3;1;3;12;1;1;2;1994;5;1;2
T085;2914109;04915-021;1;65;3;4;1;3;3;2;1;3;1;2;1;8;1989;1;2;3
T136;2306009;04434-226;5;13;6;0;1;2;6;1;2;-;3;1;1;8;1994;5;2;2
T169;2914208;04432-022;6;61;3;2;2;-;10;7;2;-;12;2;2;4;2000;5;1;1
T032;2914307;04428-075;5;64;4;1;1;4;1;7;2;-;6;1;1;4;1983;4;2;3
T058;2914406;08372-300;5;12;1;4;2;-;3;3;3;-;1;2;2;1;1991;3;1;3
T111;2914505;02934-401;5;11;4;1;1;5;10;5;3;-;6;1;1;8;1979;2;2;2
T145;2306108;02934-400;6;15;5;4;2;-;4;2;3;-;6;2;1;2;1961;3;1;1
T161;2914604;02934-001;5;64;4;3;2;-;6;5;1;1;2;2;1;2;1977;2;1;2
T199;2204907;02957-025;1;52;2;3;2;-;2;6;3;-;10;2;2;10;1991;2;1;1
T155;2506905;02950-010;5;51;2;0;2;-;10;2;1;3;6;1;1;6;1981;2;1;1
T134;2802908;08190-395;6;11;1;4;1;4;10;4;3;-;1;1;1;12;1985;5;2;1
T049;2803005;04905-100;6;15;2;4;2;-;9;7;2;-;4;2;2;10;1981;1;1;3
T033;2914653;08372-306;5;65;6;0;1;1;1;3;1;1;10;1;2;6;1958;2;1;2
T188;2914703;08372-302;5;65;6;0;1;1;1;3;2;-;4;1;2;5;1963;1;2;1
T052;2803104;08372-308;6;51;6;1;2;-;9;1;3;-;1;1;1;5;1960;2;1;1
T129;2914802;04881-030;6;14;2;2;2;-;5;2;2;-;4;1;2;6;1995;1;1;2
T148;2914901;05869-255;5;64;2;1;2;-;4;6;3;-;10;2;1;9;1964;2;2;2
T187;2607406;08473-720;1;52;3;1;2;-;9;3;1;3;12;1;2;11;1974;5;2;2
T148;2915007;05265-125;6;53;1;3;1;1;2;4;3;-;10;1;2;9;1976;2;1;2
T004;2915106;02934-201;1;11;1;3;1;4;7;1;3;-;6;1;2;6;1954;5;2;1
T001;2915205;02934-200;5;64;1;4;2;-;3;5;2;-;12;1;2;6;1983;4;1;2
T035;2915304;02934-000;5;51;3;1;1;5;5;3;3;-;4;1;1;12;1977;3;1;1
T008;2915353;08190-405;6;52;3;1;1;5;3;4;2;-;1;2;2;11;1952;4;1;1
T050;2205003;08372-304;1;62;6;4;1;1;10;4;3;-;10;2;2;6;1980;4;2;1
T041;2105351;02924-600;1;11;6;2;2;-;2;6;2;-;12;2;1;12;1970;2;2;1
T089;2306256;04893-185;5;52;3;3;1;5;1;7;2;-;12;1;1;7;1976;5;2;3
T083;2306207;08280-210;1;12;1;3;2;-;9;1;3;-;4;1;1;4;1989;4;1;2
T133;2915403;08280-107;1;65;5;1;1;1;6;6;2;-;1;1;2;4;1987;5;1;3
T149;2915502;03124-020;5;15;4;3;1;5;10;1;2;-;6;1;1;9;1999;1;1;3
T059;2404853;02924-401;5;63;2;3;1;6;6;2;1;2;10;1;1;12;1987;3;2;2
T169;2915601;02997-003;5;53;6;2;2;-;4;3;3;-;1;2;1;1;1967;3;1;2
T179;2915700;02924-000;5;62;4;4;1;5;3;7;2;-;1;1;2;10;1959;3;2;1
T055;2915809;02924-001;1;12;1;2;2;-;3;1;1;3;12;2;2;3;1997;5;2;3
T091;2607653;02924-200;6;14;1;0;2;-;5;4;1;3;12;1;1;11;1960;5;1;3
T098;2915908;02924-201;1;53;1;1;1;5;9;7;3;-;2;2;1;12;1950;4;2;2
T031;2916005;02924-601;5;11;5;3;2;-;2;4;3;-;12;2;1;1;1979;3;1;2
T017;2306306;03124-021;5;61;2;0;1;4;7;5;3;-;6;2;2;1;1981;3;2;2
T145;2916104;03983-025;5;15;2;3;2;-;9;5;3;-;2;2;2;11;1999;4;2;2
T050;2916302;02924-400;5;15;4;2;2;-;1;5;2;-;10;1;2;6;1966;2;1;3
T026;2105401;04717-905;6;51;4;0;2;-;2;5;2;-;1;1;2;10;1979;3;1;3
T039;2607703;04533-912;5;11;3;1;2;-;5;6;3;-;1;2;1;12;1954;4;1;2
T067;2916401;02079-900;5;62;6;2;1;6;9;7;3;-;2;2;2;3;1966;1;2;1
T006;2916500;03102-902;5;53;5;2;2;-;6;3;1;2;2;1;1;5;1992;4;2;1
T026;2306405;01045-903;5;62;5;4;2;-;8;2;3;-;3;2;1;6;1999;5;1;3
T122;2607752;01032-902;1;15;3;4;1;1;8;7;3;-;2;1;2;5;1977;2;1;2
T194;2916609;01046-905;1;12;6;1;1;3;1;2;3;-;3;2;2;5;1955;5;2;2
T075;2306504;05650-905;1;11;6;0;2;-;9;3;1;1;4;2;1;1;1984;2;1;1
T198;2803203;01501-908;6;12;3;1;1;4;5;5;2;-;3;2;2;6;1992;5;2;2
T106;2507002;05345-903;1;51;5;3;2;-;9;7;2;-;2;1;1;8;1972;2;1;2
T042;2507101;01218-900;5;15;2;0;2;-;8;2;2;-;6;1;1;12;1997;3;1;2
T121;2916203;04045-901;1;13;1;4;1;2;3;4;1;2;12;2;2;11;1966;3;2;3
T066;2916708;04258-900;6;15;5;1;1;2;3;3;1;3;1;1;1;2;1950;1;2;1
T117;2607802;04104-903;5;65;4;3;1;1;3;5;3;-;6;1;1;6;1964;3;1;3
T009;2916807;03827-902;5;65;1;2;1;2;9;7;3;-;10;2;2;6;1972;4;2;3
T084;2306553;02001-900;1;52;3;0;1;1;3;7;2;-;3;2;1;8;1976;5;1;3
T033;2916856;02022-901;6;14;3;1;2;-;5;7;1;1;2;2;1;1;1955;4;1;1
T004;2306603;05396-901;5;63;4;2;2;-;9;7;3;-;1;2;1;12;1985;3;2;2
T195;2507200;05001-900;1;61;1;3;1;1;8;5;3;-;6;2;2;3;1962;5;1;2
T125;2205102;02611-900;1;53;1;4;1;3;9;2;3;-;12;1;1;4;1956;1;1;2
T118;2607505;04028-900;1;51;2;3;2;-;5;5;3;-;4;2;1;12;1954;5;2;1
T073;2404903;04043-900;6;52;3;2;2;-;2;7;1;2;6;1;1;11;1967;3;1;1
T121;2105427;05065-903;1;53;6;0;1;1;5;3;2;-;4;2;2;3;1976;2;2;3
T103;2916906;02088-900;1;65;4;3;1;6;8;4;2;-;6;1;1;8;1999;1;1;3
T089;2917003;05350-901;1;13;1;0;1;3;5;2;1;3;3;1;2;9;1970;5;2;1
T141;2917102;01411-902;5;52;5;4;1;1;10;7;1;1;12;2;1;9;1980;5;2;1
T039;2917201;03031-902;6;13;6;1;1;4;7;7;3;-;10;2;1;3;1998;4;1;1
T103;2917300;05112-901;6;51;1;2;1;1;6;1;1;2;1;2;1;12;1970;3;1;1
T144;2917334;01017-906;5;52;3;2;2;-;7;3;2;-;4;2;2;7;1969;1;2;3
T130;2607901;05686-903;6;13;2;0;1;2;3;1;1;3;4;1;2;5;1999;4;2;1
T184;2917359;03168-900;6;52;1;3;1;4;7;3;2;-;2;2;2;1;1983;1;1;2
T023;2917409;01254-902;6;14;5;2;1;6;4;7;3;-;6;2;1;1;1954;2;2;3
T170;2507309;05401-912;6;62;4;1;2;-;10;6;2;-;2;2;1;1;1991;2;1;1
T111;2703403;04795-915;1;52;4;3;1;3;8;4;2;-;1;1;1;7;1995;3;2;3
T018;2917508;04726-901;5;14;6;1;2;-;4;6;2;-;10;2;1;9;1989;1;1;3
T060;2205151;02063-903;6;14;4;3;2;-;7;1;2;-;1;2;1;7;1953;5;2;1
T094;2703502;04101-903;5;62;1;0;1;6;5;2;2;-;3;1;1;11;1968;1;1;1
T165;2917607;03122-902;1;51;2;1;2;-;10;5;2;-;6;2;2;12;1959;2;1;2
T097;2917706;04583-916;6;63;4;4;1;3;1;1;2;-;2;2;2;5;1986;4;2;1
T016;2306702;01333-909;5;52;4;3;1;5;3;5;3;-;6;2;1;2;1967;5;1;3
T060;2306801;02515-900;6;51;6;4;1;1;5;3;3;-;3;2;2;9;1975;1;1;1
T143;2306900;05113-901;6;64;4;0;2;-;4;2;1;1;3;1;2;4;1995;4;2;3
T114;2917805;05157-900;5;65;2;4;1;5;8;6;3;-;4;1;2;7;1952;1;1;3
T154;2307007;02598-900;5;62;4;2;1;5;5;1;2;-;10;2;2;11;1972;4;1;2
T196;2205201;02710-900;5;64;2;1;2;-;9;2;3;-;3;1;2;1;2000;4;1;1
T188;2917904;04553-903;5;63;1;1;2;-;4;5;2;-;2;2;2;1;1962;4;1;2
T033;2405108;05345-904;5;15;6;3;1;5;3;2;2;-;3;2;2;5;1992;2;2;2
T200;2405207;01141-900;6;52;2;2;2;-;1;4;1;3;2;2;1;9;1977;3;2;3
T194;2703601;04122-900;1;12;1;0;1;4;5;4;3;-;10;2;1;8;1978;1;1;3
T024;2803302;02177-900;5;13;5;0;2;-;6;2;1;1;4;2;2;7;1967;3;2;2
T068;2405405;03190-901;5;65;1;1;1;5;8;1;3;-;12;2;1;6;1979;3;2;1

